0.000000000000000
0.000000000000000
0.000000000000000
0.000000000000000
0.000000000000000
0.000000000000000
0.000000000000000
0.000000000000000
0.000000000000000
0.000000000000000
0.000000000000000
0.000000000000000
0.000000000000000
-0.326388888888889
0.000000000000000
0.000000000000000
0.000000000000000
-0.326388888888889
0.000000000000000
0.000000000000000
-0.326388888888889
0.000000000000000
-0.331597222222222
0.000000000000000
-0.326388888888889
-0.331597222222222
0.000000000000000
-0.331597222222222
-0.326388888888889
-0.331597222222222
-0.326388888888889
-0.331597222222222
-0.326388888888889
0.000000000000000
-0.326388888888889
-0.331597222222222
0.000000000000000
-0.326388888888889
0.000000000000000
-0.331597222222222
0.000000000000000
-0.326388888888889
-0.331597222222222
0.000000000000000
-0.331597222222222
-0.326388888888889
-0.331597222222222
-0.326388888888889
-0.331597222222222
-0.326388888888889
0.000000000000000
-0.326388888888889
-0.331597222222222
0.000000000000000
-0.326388888888889
0.000000000000000
-0.331597222222222
0.000000000000000
-0.326388888888889
-0.331597222222222
0.000000000000000
-0.331597222222222
-0.326388888888889
-0.331597222222222
0.000000000000000
-0.331597222222222
-0.326388888888889
0.000000000000000
0.000000000000000
-0.331597222222222
0.000000000000000
0.000000000000000
