Answer
0 ; 0 ; 0 ; 0 ; 0 ; 0 ; 0 ; 0 ; 0 ; 0 ; 0 ; 0 ; 0 ; 0 ; 0 ; 0 ; 0 ; 0 ; 0 ; 0 ; 0 ; 0 ; 0 ; 0 ; 0 ; 0 ; 0 ; 0 ; 0 ; 0 ; 0 ; 0 ; 0 ; 0 ; 0 ; 0 ; 0 ; 0 ; 0 ; 0 ; 0 ; 0 ; 0 ; 0 ; 0 ; 0 ; 0 ; 0 ; 0 ; 0 ; 0 ; 0 ; 0 ; 0 ; 0 ; 0 ; 0 ; 0 ; 0 ; 0 ; 0 ; 0 ; 0 ; 0 ; 0 ; 0 ; 0 ; 0 ; 0 ; 0 ; 0 ; 0 ; 0 ; 0 ; 0 ; 0 ; 0 ; 0 ; 0 ; 0 ; 0 ; 
0 ; -0,00612 ; -0,0107 ; -0,0146 ; -0,02 ; -0,0265 ; -0,0332 ; -0,0395 ; -0,0454 ; -0,0507 ; -0,0557 ; -0,0601 ; -0,064 ; -0,0675 ; -0,0705 ; -0,073 ; -0,0751 ; -0,0765 ; -0,0777 ; -0,0784 ; -0,0788 ; -0,0788 ; -0,0784 ; -0,0775 ; -0,0761 ; -0,0743 ; -0,072 ; -0,0705 ; -0,0685 ; -0,066 ; -0,0631 ; -0,058 ; -0,0524 ; -0,0465 ; -0,0404 ; -0,034 ; -0,0274 ; -0,0207 ; -0,0139 ; -0,00696 ; -2,51E-05 ; 0,00691 ; 0,0138 ; 0,0206 ; 0,0274 ; 0,0339 ; 0,0403 ; 0,0465 ; 0,0524 ; 0,0579 ; 0,0631 ; 0,066 ; 0,0684 ; 0,0704 ; 0,0719 ; 0,0742 ; 0,0761 ; 0,0774 ; 0,0783 ; 0,0788 ; 0,0788 ; 0,0784 ; 0,0776 ; 0,0765 ; 0,075 ; 0,073 ; 0,0704 ; 0,0674 ; 0,064 ; 0,06 ; 0,0556 ; 0,0507 ; 0,0453 ; 0,0394 ; 0,0331 ; 0,0265 ; 0,0199 ; 0,0146 ; 0,0107 ; 0,00611 ; 0 ; 
0 ; -0,016 ; -0,0214 ; -0,0269 ; -0,0405 ; -0,055 ; -0,0692 ; -0,0826 ; -0,095 ; -0,106 ; -0,117 ; -0,126 ; -0,134 ; -0,142 ; -0,148 ; -0,153 ; -0,158 ; -0,161 ; -0,163 ; -0,165 ; -0,166 ; -0,166 ; -0,165 ; -0,163 ; -0,16 ; -0,156 ; -0,151 ; -0,148 ; -0,144 ; -0,139 ; -0,133 ; -0,122 ; -0,11 ; -0,0978 ; -0,0849 ; -0,0714 ; -0,0576 ; -0,0435 ; -0,0291 ; -0,0146 ; -5,24E-05 ; 0,0145 ; 0,029 ; 0,0433 ; 0,0575 ; 0,0713 ; 0,0848 ; 0,0977 ; 0,11 ; 0,122 ; 0,133 ; 0,139 ; 0,144 ; 0,148 ; 0,151 ; 0,156 ; 0,16 ; 0,163 ; 0,165 ; 0,165 ; 0,166 ; 0,165 ; 0,163 ; 0,161 ; 0,157 ; 0,153 ; 0,148 ; 0,142 ; 0,134 ; 0,126 ; 0,117 ; 0,106 ; 0,0949 ; 0,0826 ; 0,0692 ; 0,055 ; 0,0404 ; 0,0269 ; 0,0213 ; 0,016 ; 0 ; 
0 ; -0,0425 ; -0,0748 ; -21 ; -40,1 ; -57,7 ; -73,7 ; -88,5 ; -102 ; -114 ; -125 ; -136 ; -145 ; -153 ; -159 ; -165 ; -170 ; -174 ; -176 ; -178 ; -179 ; -179 ; -178 ; -176 ; -173 ; -169 ; -164 ; -161 ; -156 ; -150 ; -144 ; -132 ; -119 ; -106 ; -91,8 ; -77,3 ; -62,3 ; -47 ; -31,5 ; -15,8 ; -0,0561 ; 15,7 ; 31,3 ; 46,9 ; 62,2 ; 77,1 ; 91,7 ; 106 ; 119 ; 132 ; 144 ; 150 ; 156 ; 160 ; 164 ; 169 ; 173 ; 176 ; 178 ; 179 ; 179 ; 178 ; 176 ; 173 ; 170 ; 165 ; 159 ; 152 ; 144 ; 135 ; 125 ; 114 ; 102 ; 88,4 ; 73,7 ; 57,6 ; 40,1 ; 21 ; 0,0748 ; 0,0424 ; 0 ; 
0 ; -0,0752 ; -0,137 ; -43 ; -82,2 ; -118 ; -151 ; -181 ; -209 ; -234 ; -257 ; -278 ; -296 ; -313 ; -327 ; -339 ; -349 ; -356 ; -362 ; -366 ; -368 ; -368 ; -366 ; -362 ; -356 ; -348 ; -337 ; -330 ; -321 ; -309 ; -296 ; -271 ; -245 ; -217 ; -189 ; -159 ; -128 ; -96,4 ; -64,6 ; -32,4 ; -0,115 ; 32,2 ; 64,3 ; 96,2 ; 128 ; 158 ; 188 ; 217 ; 245 ; 271 ; 295 ; 309 ; 320 ; 330 ; 337 ; 347 ; 356 ; 362 ; 366 ; 368 ; 367 ; 365 ; 361 ; 356 ; 349 ; 339 ; 327 ; 313 ; 296 ; 278 ; 257 ; 234 ; 209 ; 181 ; 151 ; 118 ; 82,1 ; 43 ; 0,137 ; 0,0752 ; 0 ; 
0 ; -0,112 ; -0,205 ; -66 ; -126 ; -181 ; -232 ; -278 ; -321 ; -360 ; -395 ; -427 ; -456 ; -482 ; -504 ; -523 ; -538 ; -549 ; -558 ; -564 ; -568 ; -568 ; -565 ; -559 ; -550 ; -537 ; -521 ; -510 ; -495 ; -478 ; -457 ; -419 ; -379 ; -336 ; -291 ; -245 ; -197 ; -149 ; -99,6 ; -50 ; -0,176 ; 49,6 ; 99,2 ; 148 ; 197 ; 244 ; 291 ; 335 ; 378 ; 419 ; 456 ; 477 ; 495 ; 509 ; 520 ; 537 ; 549 ; 559 ; 565 ; 568 ; 567 ; 564 ; 558 ; 549 ; 538 ; 522 ; 504 ; 481 ; 456 ; 427 ; 395 ; 359 ; 320 ; 278 ; 232 ; 181 ; 126 ; 65,9 ; 0,205 ; 0,112 ; 0 ; 
0 ; -0,151 ; -0,278 ; -89,9 ; -172 ; -247 ; -316 ; -380 ; -438 ; -491 ; -540 ; -585 ; -625 ; -660 ; -691 ; -717 ; -739 ; -754 ; -767 ; -775 ; -780 ; -781 ; -777 ; -769 ; -757 ; -739 ; -717 ; -702 ; -682 ; -658 ; -629 ; -577 ; -521 ; -462 ; -400 ; -336 ; -271 ; -204 ; -137 ; -68,6 ; -0,24 ; 68,1 ; 136 ; 204 ; 270 ; 336 ; 400 ; 462 ; 521 ; 576 ; 628 ; 657 ; 682 ; 702 ; 716 ; 739 ; 756 ; 769 ; 777 ; 780 ; 780 ; 775 ; 766 ; 754 ; 738 ; 717 ; 690 ; 660 ; 624 ; 584 ; 540 ; 491 ; 438 ; 379 ; 316 ; 247 ; 172 ; 89,9 ; 0,278 ; 0,151 ; 0 ; 
0 ; -0,192 ; -0,354 ; -115 ; -220 ; -316 ; -404 ; -486 ; -561 ; -630 ; -693 ; -750 ; -802 ; -849 ; -889 ; -924 ; -952 ; -973 ; -989 ; -1E+03 ; -1,01E+03 ; -1,01E+03 ; -1E+03 ; -995 ; -979 ; -956 ; -928 ; -909 ; -883 ; -852 ; -814 ; -746 ; -674 ; -597 ; -517 ; -434 ; -350 ; -263 ; -176 ; -88,4 ; -0,306 ; 87,8 ; 176 ; 263 ; 349 ; 434 ; 516 ; 596 ; 673 ; 746 ; 813 ; 851 ; 883 ; 908 ; 927 ; 956 ; 978 ; 994 ; 1E+03 ; 1,01E+03 ; 1,01E+03 ; 1E+03 ; 988 ; 972 ; 951 ; 923 ; 888 ; 848 ; 802 ; 750 ; 692 ; 629 ; 560 ; 485 ; 404 ; 316 ; 220 ; 115 ; 0,354 ; 0,192 ; 0 ; 
0 ; -0,234 ; -0,433 ; -141 ; -269 ; -387 ; -496 ; -596 ; -689 ; -774 ; -853 ; -925 ; -990 ; -1,05E+03 ; -1,1E+03 ; -1,14E+03 ; -1,18E+03 ; -1,21E+03 ; -1,23E+03 ; -1,24E+03 ; -1,25E+03 ; -1,25E+03 ; -1,25E+03 ; -1,24E+03 ; -1,22E+03 ; -1,19E+03 ; -1,16E+03 ; -1,13E+03 ; -1,1E+03 ; -1,06E+03 ; -1,01E+03 ; -929 ; -838 ; -742 ; -642 ; -539 ; -433 ; -326 ; -218 ; -109 ; -0,374 ; 109 ; 217 ; 326 ; 433 ; 538 ; 641 ; 741 ; 837 ; 928 ; 1,01E+03 ; 1,06E+03 ; 1,1E+03 ; 1,13E+03 ; 1,15E+03 ; 1,19E+03 ; 1,22E+03 ; 1,24E+03 ; 1,25E+03 ; 1,25E+03 ; 1,25E+03 ; 1,24E+03 ; 1,23E+03 ; 1,21E+03 ; 1,18E+03 ; 1,14E+03 ; 1,1E+03 ; 1,05E+03 ; 989 ; 924 ; 852 ; 774 ; 688 ; 596 ; 495 ; 387 ; 269 ; 141 ; 0,433 ; 0,234 ; 0 ; 
0 ; -0,278 ; -0,515 ; -167 ; -320 ; -461 ; -591 ; -711 ; -822 ; -925 ; -1,02E+03 ; -1,11E+03 ; -1,19E+03 ; -1,26E+03 ; -1,32E+03 ; -1,38E+03 ; -1,42E+03 ; -1,46E+03 ; -1,48E+03 ; -1,5E+03 ; -1,51E+03 ; -1,52E+03 ; -1,51E+03 ; -1,5E+03 ; -1,48E+03 ; -1,44E+03 ; -1,4E+03 ; -1,37E+03 ; -1,34E+03 ; -1,29E+03 ; -1,23E+03 ; -1,13E+03 ; -1,02E+03 ; -898 ; -776 ; -651 ; -523 ; -393 ; -263 ; -132 ; -0,444 ; 131 ; 262 ; 392 ; 522 ; 650 ; 775 ; 898 ; 1,01E+03 ; 1,13E+03 ; 1,23E+03 ; 1,29E+03 ; 1,34E+03 ; 1,37E+03 ; 1,4E+03 ; 1,44E+03 ; 1,48E+03 ; 1,5E+03 ; 1,51E+03 ; 1,52E+03 ; 1,51E+03 ; 1,5E+03 ; 1,48E+03 ; 1,46E+03 ; 1,42E+03 ; 1,38E+03 ; 1,32E+03 ; 1,26E+03 ; 1,19E+03 ; 1,11E+03 ; 1,02E+03 ; 924 ; 821 ; 710 ; 590 ; 461 ; 320 ; 167 ; 0,514 ; 0,278 ; 0 ; 
0 ; -0,323 ; -0,598 ; -195 ; -373 ; -537 ; -688 ; -829 ; -960 ; -1,08E+03 ; -1,2E+03 ; -1,3E+03 ; -1,4E+03 ; -1,48E+03 ; -1,56E+03 ; -1,63E+03 ; -1,68E+03 ; -1,73E+03 ; -1,76E+03 ; -1,78E+03 ; -1,8E+03 ; -1,8E+03 ; -1,8E+03 ; -1,78E+03 ; -1,76E+03 ; -1,72E+03 ; -1,67E+03 ; -1,64E+03 ; -1,59E+03 ; -1,54E+03 ; -1,47E+03 ; -1,34E+03 ; -1,21E+03 ; -1,07E+03 ; -921 ; -771 ; -618 ; -465 ; -310 ; -155 ; -0,516 ; 154 ; 309 ; 464 ; 617 ; 770 ; 920 ; 1,07E+03 ; 1,21E+03 ; 1,34E+03 ; 1,47E+03 ; 1,54E+03 ; 1,59E+03 ; 1,64E+03 ; 1,67E+03 ; 1,72E+03 ; 1,76E+03 ; 1,78E+03 ; 1,8E+03 ; 1,8E+03 ; 1,8E+03 ; 1,78E+03 ; 1,76E+03 ; 1,72E+03 ; 1,68E+03 ; 1,63E+03 ; 1,56E+03 ; 1,48E+03 ; 1,4E+03 ; 1,3E+03 ; 1,19E+03 ; 1,08E+03 ; 959 ; 828 ; 688 ; 536 ; 373 ; 195 ; 0,598 ; 0,323 ; 0 ; 
0 ; -0,369 ; -0,683 ; -223 ; -426 ; -614 ; -788 ; -950 ; -1,1E+03 ; -1,24E+03 ; -1,38E+03 ; -1,5E+03 ; -1,62E+03 ; -1,72E+03 ; -1,82E+03 ; -1,9E+03 ; -1,97E+03 ; -2,02E+03 ; -2,06E+03 ; -2,09E+03 ; -2,1E+03 ; -2,11E+03 ; -2,11E+03 ; -2,09E+03 ; -2,06E+03 ; -2,02E+03 ; -1,97E+03 ; -1,93E+03 ; -1,88E+03 ; -1,81E+03 ; -1,73E+03 ; -1,58E+03 ; -1,42E+03 ; -1,25E+03 ; -1,08E+03 ; -899 ; -720 ; -540 ; -360 ; -180 ; -0,589 ; 179 ; 359 ; 539 ; 719 ; 897 ; 1,07E+03 ; 1,25E+03 ; 1,42E+03 ; 1,58E+03 ; 1,73E+03 ; 1,81E+03 ; 1,88E+03 ; 1,93E+03 ; 1,97E+03 ; 2,02E+03 ; 2,06E+03 ; 2,09E+03 ; 2,11E+03 ; 2,11E+03 ; 2,1E+03 ; 2,08E+03 ; 2,05E+03 ; 2,01E+03 ; 1,96E+03 ; 1,9E+03 ; 1,81E+03 ; 1,72E+03 ; 1,62E+03 ; 1,5E+03 ; 1,38E+03 ; 1,24E+03 ; 1,1E+03 ; 950 ; 788 ; 614 ; 426 ; 223 ; 0,683 ; 0,369 ; 0 ; 
0 ; -0,415 ; -0,769 ; -251 ; -480 ; -693 ; -890 ; -1,07E+03 ; -1,25E+03 ; -1,41E+03 ; -1,56E+03 ; -1,71E+03 ; -1,85E+03 ; -1,97E+03 ; -2,09E+03 ; -2,19E+03 ; -2,27E+03 ; -2,33E+03 ; -2,38E+03 ; -2,42E+03 ; -2,44E+03 ; -2,45E+03 ; -2,44E+03 ; -2,43E+03 ; -2,4E+03 ; -2,35E+03 ; -2,29E+03 ; -2,25E+03 ; -2,19E+03 ; -2,11E+03 ; -2,01E+03 ; -1,84E+03 ; -1,65E+03 ; -1,45E+03 ; -1,24E+03 ; -1,03E+03 ; -827 ; -619 ; -412 ; -206 ; -0,662 ; 205 ; 411 ; 618 ; 825 ; 1,03E+03 ; 1,24E+03 ; 1,44E+03 ; 1,64E+03 ; 1,83E+03 ; 2,01E+03 ; 2,11E+03 ; 2,19E+03 ; 2,25E+03 ; 2,29E+03 ; 2,35E+03 ; 2,4E+03 ; 2,43E+03 ; 2,44E+03 ; 2,45E+03 ; 2,44E+03 ; 2,41E+03 ; 2,38E+03 ; 2,33E+03 ; 2,27E+03 ; 2,18E+03 ; 2,08E+03 ; 1,97E+03 ; 1,85E+03 ; 1,71E+03 ; 1,56E+03 ; 1,41E+03 ; 1,25E+03 ; 1,07E+03 ; 889 ; 692 ; 480 ; 251 ; 0,768 ; 0,415 ; 0 ; 
0 ; -0,461 ; -0,854 ; -279 ; -535 ; -771 ; -991 ; -1,2E+03 ; -1,39E+03 ; -1,58E+03 ; -1,76E+03 ; -1,92E+03 ; -2,09E+03 ; -2,24E+03 ; -2,37E+03 ; -2,5E+03 ; -2,6E+03 ; -2,67E+03 ; -2,73E+03 ; -2,77E+03 ; -2,8E+03 ; -2,81E+03 ; -2,81E+03 ; -2,79E+03 ; -2,76E+03 ; -2,72E+03 ; -2,65E+03 ; -2,6E+03 ; -2,54E+03 ; -2,44E+03 ; -2,33E+03 ; -2,12E+03 ; -1,89E+03 ; -1,66E+03 ; -1,42E+03 ; -1,18E+03 ; -938 ; -701 ; -466 ; -233 ; -0,736 ; 232 ; 465 ; 700 ; 937 ; 1,18E+03 ; 1,42E+03 ; 1,66E+03 ; 1,89E+03 ; 2,12E+03 ; 2,33E+03 ; 2,44E+03 ; 2,53E+03 ; 2,6E+03 ; 2,65E+03 ; 2,71E+03 ; 2,76E+03 ; 2,79E+03 ; 2,81E+03 ; 2,81E+03 ; 2,8E+03 ; 2,77E+03 ; 2,73E+03 ; 2,67E+03 ; 2,6E+03 ; 2,49E+03 ; 2,37E+03 ; 2,23E+03 ; 2,08E+03 ; 1,92E+03 ; 1,75E+03 ; 1,58E+03 ; 1,39E+03 ; 1,2E+03 ; 991 ; 770 ; 534 ; 279 ; 0,853 ; 0,461 ; 0 ; 
0 ; -0,507 ; -0,938 ; -307 ; -588 ; -848 ; -1,09E+03 ; -1,32E+03 ; -1,54E+03 ; -1,75E+03 ; -1,95E+03 ; -2,14E+03 ; -2,33E+03 ; -2,51E+03 ; -2,68E+03 ; -2,83E+03 ; -2,96E+03 ; -3,05E+03 ; -3,12E+03 ; -3,17E+03 ; -3,2E+03 ; -3,21E+03 ; -3,21E+03 ; -3,19E+03 ; -3,16E+03 ; -3,11E+03 ; -3,05E+03 ; -3E+03 ; -2,92E+03 ; -2,82E+03 ; -2,68E+03 ; -2,43E+03 ; -2,16E+03 ; -1,88E+03 ; -1,6E+03 ; -1,33E+03 ; -1,05E+03 ; -785 ; -521 ; -260 ; -0,808 ; 259 ; 519 ; 783 ; 1,05E+03 ; 1,32E+03 ; 1,6E+03 ; 1,88E+03 ; 2,16E+03 ; 2,43E+03 ; 2,68E+03 ; 2,82E+03 ; 2,92E+03 ; 3E+03 ; 3,05E+03 ; 3,11E+03 ; 3,16E+03 ; 3,19E+03 ; 3,21E+03 ; 3,21E+03 ; 3,2E+03 ; 3,17E+03 ; 3,12E+03 ; 3,05E+03 ; 2,96E+03 ; 2,83E+03 ; 2,68E+03 ; 2,51E+03 ; 2,33E+03 ; 2,14E+03 ; 1,95E+03 ; 1,75E+03 ; 1,54E+03 ; 1,32E+03 ; 1,09E+03 ; 848 ; 587 ; 307 ; 0,937 ; 0,506 ; 0 ; 
0 ; -0,55 ; -1,02 ; -334 ; -640 ; -924 ; -1,19E+03 ; -1,44E+03 ; -1,68E+03 ; -1,91E+03 ; -2,14E+03 ; -2,36E+03 ; -2,58E+03 ; -2,79E+03 ; -3E+03 ; -3,2E+03 ; -3,36E+03 ; -3,47E+03 ; -3,55E+03 ; -3,6E+03 ; -3,63E+03 ; -3,64E+03 ; -3,64E+03 ; -3,62E+03 ; -3,59E+03 ; -3,55E+03 ; -3,49E+03 ; -3,44E+03 ; -3,36E+03 ; -3,24E+03 ; -3,09E+03 ; -2,78E+03 ; -2,45E+03 ; -2,12E+03 ; -1,79E+03 ; -1,48E+03 ; -1,17E+03 ; -868 ; -575 ; -287 ; -0,879 ; 285 ; 573 ; 866 ; 1,17E+03 ; 1,47E+03 ; 1,79E+03 ; 2,12E+03 ; 2,45E+03 ; 2,78E+03 ; 3,08E+03 ; 3,24E+03 ; 3,36E+03 ; 3,44E+03 ; 3,48E+03 ; 3,55E+03 ; 3,59E+03 ; 3,62E+03 ; 3,64E+03 ; 3,64E+03 ; 3,63E+03 ; 3,6E+03 ; 3,55E+03 ; 3,47E+03 ; 3,35E+03 ; 3,19E+03 ; 3E+03 ; 2,79E+03 ; 2,58E+03 ; 2,36E+03 ; 2,14E+03 ; 1,91E+03 ; 1,68E+03 ; 1,44E+03 ; 1,19E+03 ; 923 ; 639 ; 333 ; 1,02 ; 0,55 ; 0 ; 
0 ; -0,592 ; -1,1 ; -359 ; -689 ; -995 ; -1,28E+03 ; -1,56E+03 ; -1,82E+03 ; -2,07E+03 ; -2,32E+03 ; -2,57E+03 ; -2,82E+03 ; -3,08E+03 ; -3,34E+03 ; -3,59E+03 ; -3,8E+03 ; -3,94E+03 ; -4,03E+03 ; -4,08E+03 ; -4,1E+03 ; -4,11E+03 ; -4,11E+03 ; -4,09E+03 ; -4,06E+03 ; -4,02E+03 ; -3,97E+03 ; -3,93E+03 ; -3,86E+03 ; -3,74E+03 ; -3,55E+03 ; -3,17E+03 ; -2,76E+03 ; -2,36E+03 ; -1,98E+03 ; -1,62E+03 ; -1,28E+03 ; -949 ; -628 ; -313 ; -0,948 ; 311 ; 626 ; 947 ; 1,28E+03 ; 1,62E+03 ; 1,98E+03 ; 2,36E+03 ; 2,76E+03 ; 3,17E+03 ; 3,55E+03 ; 3,73E+03 ; 3,85E+03 ; 3,92E+03 ; 3,97E+03 ; 4,02E+03 ; 4,06E+03 ; 4,09E+03 ; 4,1E+03 ; 4,11E+03 ; 4,1E+03 ; 4,07E+03 ; 4,03E+03 ; 3,94E+03 ; 3,8E+03 ; 3,59E+03 ; 3,34E+03 ; 3,07E+03 ; 2,82E+03 ; 2,57E+03 ; 2,32E+03 ; 2,07E+03 ; 1,82E+03 ; 1,55E+03 ; 1,28E+03 ; 995 ; 689 ; 359 ; 1,1 ; 0,592 ; 0 ; 
0 ; -0,632 ; -1,17 ; -383 ; -735 ; -1,06E+03 ; -1,37E+03 ; -1,66E+03 ; -1,94E+03 ; -2,22E+03 ; -2,49E+03 ; -2,76E+03 ; -3,04E+03 ; -3,34E+03 ; -3,66E+03 ; -4,03E+03 ; -4,33E+03 ; -4,51E+03 ; -4,57E+03 ; -4,6E+03 ; -4,61E+03 ; -4,61E+03 ; -4,61E+03 ; -4,59E+03 ; -4,57E+03 ; -4,54E+03 ; -4,5E+03 ; -4,47E+03 ; -4,42E+03 ; -4,33E+03 ; -4,11E+03 ; -3,61E+03 ; -3,07E+03 ; -2,59E+03 ; -2,16E+03 ; -1,76E+03 ; -1,38E+03 ; -1,02E+03 ; -676 ; -337 ; -1,01 ; 335 ; 674 ; 1,02E+03 ; 1,38E+03 ; 1,76E+03 ; 2,16E+03 ; 2,59E+03 ; 3,06E+03 ; 3,61E+03 ; 4,11E+03 ; 4,33E+03 ; 4,42E+03 ; 4,46E+03 ; 4,49E+03 ; 4,53E+03 ; 4,56E+03 ; 4,59E+03 ; 4,6E+03 ; 4,61E+03 ; 4,61E+03 ; 4,59E+03 ; 4,57E+03 ; 4,5E+03 ; 4,32E+03 ; 4,02E+03 ; 3,66E+03 ; 3,34E+03 ; 3,04E+03 ; 2,76E+03 ; 2,49E+03 ; 2,22E+03 ; 1,94E+03 ; 1,66E+03 ; 1,37E+03 ; 1,06E+03 ; 735 ; 383 ; 1,17 ; 0,631 ; 0 ; 
0 ; -0,668 ; -1,24 ; -405 ; -778 ; -1,12E+03 ; -1,45E+03 ; -1,76E+03 ; -2,06E+03 ; -2,35E+03 ; -2,64E+03 ; -2,93E+03 ; -3,24E+03 ; -3,57E+03 ; -3,93E+03 ; -4,37E+03 ; -5,16E+03 ; -5,16E+03 ; -5,16E+03 ; -5,16E+03 ; -5,16E+03 ; -5,15E+03 ; -5,14E+03 ; -5,12E+03 ; -5,1E+03 ; -5,08E+03 ; -5,06E+03 ; -5,05E+03 ; -5,04E+03 ; -5,03E+03 ; -5,03E+03 ; -3,96E+03 ; -3,32E+03 ; -2,79E+03 ; -2,31E+03 ; -1,88E+03 ; -1,47E+03 ; -1,09E+03 ; -720 ; -358 ; -1,07 ; 356 ; 718 ; 1,09E+03 ; 1,47E+03 ; 1,88E+03 ; 2,31E+03 ; 2,78E+03 ; 3,32E+03 ; 3,96E+03 ; 5,03E+03 ; 5,03E+03 ; 5,04E+03 ; 5,04E+03 ; 5,06E+03 ; 5,08E+03 ; 5,1E+03 ; 5,12E+03 ; 5,13E+03 ; 5,15E+03 ; 5,15E+03 ; 5,16E+03 ; 5,16E+03 ; 5,15E+03 ; 5,15E+03 ; 4,37E+03 ; 3,93E+03 ; 3,56E+03 ; 3,24E+03 ; 2,93E+03 ; 2,64E+03 ; 2,35E+03 ; 2,06E+03 ; 1,76E+03 ; 1,45E+03 ; 1,12E+03 ; 777 ; 405 ; 1,24 ; 0,667 ; 0 ; 
0 ; -0,708 ; -1,31 ; -430 ; -825 ; -1,19E+03 ; -1,54E+03 ; -1,86E+03 ; -2,18E+03 ; -2,49E+03 ; -2,8E+03 ; -3,11E+03 ; -3,43E+03 ; -3,78E+03 ; -4,17E+03 ; -4,64E+03 ; -5,16E+03 ; -5,16E+03 ; -5,16E+03 ; -5,16E+03 ; -5,16E+03 ; -5,15E+03 ; -5,14E+03 ; -5,13E+03 ; -5,11E+03 ; -5,08E+03 ; -5,06E+03 ; -5,05E+03 ; -5,04E+03 ; -5,03E+03 ; -5,03E+03 ; -4,24E+03 ; -3,55E+03 ; -2,97E+03 ; -2,46E+03 ; -2E+03 ; -1,57E+03 ; -1,16E+03 ; -767 ; -382 ; -1,14 ; 379 ; 764 ; 1,16E+03 ; 1,57E+03 ; 2E+03 ; 2,46E+03 ; 2,97E+03 ; 3,54E+03 ; 4,23E+03 ; 5,03E+03 ; 5,03E+03 ; 5,03E+03 ; 5,04E+03 ; 5,06E+03 ; 5,08E+03 ; 5,1E+03 ; 5,12E+03 ; 5,14E+03 ; 5,15E+03 ; 5,15E+03 ; 5,16E+03 ; 5,16E+03 ; 5,15E+03 ; 5,15E+03 ; 4,64E+03 ; 4,17E+03 ; 3,78E+03 ; 3,43E+03 ; 3,11E+03 ; 2,8E+03 ; 2,49E+03 ; 2,18E+03 ; 1,86E+03 ; 1,54E+03 ; 1,19E+03 ; 824 ; 430 ; 1,31 ; 0,708 ; 0 ; 
0 ; -0,748 ; -1,39 ; -454 ; -870 ; -1,26E+03 ; -1,62E+03 ; -1,97E+03 ; -2,3E+03 ; -2,62E+03 ; -2,94E+03 ; -3,27E+03 ; -3,6E+03 ; -3,95E+03 ; -4,33E+03 ; -4,74E+03 ; -5,16E+03 ; -5,16E+03 ; -5,16E+03 ; -5,17E+03 ; -5,17E+03 ; -5,16E+03 ; -5,15E+03 ; -5,13E+03 ; -5,11E+03 ; -5,09E+03 ; -5,06E+03 ; -5,04E+03 ; -5,03E+03 ; -5,03E+03 ; -5,02E+03 ; -4,34E+03 ; -3,69E+03 ; -3,11E+03 ; -2,59E+03 ; -2,11E+03 ; -1,66E+03 ; -1,22E+03 ; -809 ; -403 ; -1,21 ; 400 ; 807 ; 1,22E+03 ; 1,65E+03 ; 2,11E+03 ; 2,59E+03 ; 3,11E+03 ; 3,69E+03 ; 4,33E+03 ; 5,02E+03 ; 5,02E+03 ; 5,03E+03 ; 5,04E+03 ; 5,05E+03 ; 5,08E+03 ; 5,11E+03 ; 5,13E+03 ; 5,15E+03 ; 5,16E+03 ; 5,16E+03 ; 5,16E+03 ; 5,16E+03 ; 5,15E+03 ; 5,15E+03 ; 4,74E+03 ; 4,33E+03 ; 3,95E+03 ; 3,6E+03 ; 3,26E+03 ; 2,94E+03 ; 2,62E+03 ; 2,3E+03 ; 1,96E+03 ; 1,62E+03 ; 1,26E+03 ; 870 ; 453 ; 1,38 ; 0,747 ; 0 ; 
0 ; -0,787 ; -1,46 ; -477 ; -915 ; -1,32E+03 ; -1,7E+03 ; -2,06E+03 ; -2,41E+03 ; -2,74E+03 ; -3,07E+03 ; -3,4E+03 ; -3,74E+03 ; -4,08E+03 ; -4,44E+03 ; -4,8E+03 ; -5,15E+03 ; -5,15E+03 ; -5,16E+03 ; -5,17E+03 ; -5,17E+03 ; -5,17E+03 ; -5,16E+03 ; -5,14E+03 ; -5,12E+03 ; -5,09E+03 ; -5,05E+03 ; -5,04E+03 ; -5,02E+03 ; -5,02E+03 ; -5,01E+03 ; -4,39E+03 ; -3,79E+03 ; -3,22E+03 ; -2,69E+03 ; -2,2E+03 ; -1,73E+03 ; -1,28E+03 ; -848 ; -422 ; -1,28 ; 420 ; 845 ; 1,28E+03 ; 1,73E+03 ; 2,2E+03 ; 2,69E+03 ; 3,22E+03 ; 3,78E+03 ; 4,39E+03 ; 5,01E+03 ; 5,01E+03 ; 5,02E+03 ; 5,03E+03 ; 5,05E+03 ; 5,09E+03 ; 5,11E+03 ; 5,14E+03 ; 5,15E+03 ; 5,16E+03 ; 5,17E+03 ; 5,17E+03 ; 5,16E+03 ; 5,15E+03 ; 5,15E+03 ; 4,8E+03 ; 4,43E+03 ; 4,08E+03 ; 3,74E+03 ; 3,4E+03 ; 3,07E+03 ; 2,74E+03 ; 2,41E+03 ; 2,06E+03 ; 1,7E+03 ; 1,32E+03 ; 914 ; 477 ; 1,46 ; 0,787 ; 0 ; 
0 ; -0,821 ; -1,52 ; -497 ; -953 ; -1,38E+03 ; -1,77E+03 ; -2,14E+03 ; -2,5E+03 ; -2,84E+03 ; -3,18E+03 ; -3,51E+03 ; -3,84E+03 ; -4,17E+03 ; -4,5E+03 ; -4,83E+03 ; -5,14E+03 ; -5,15E+03 ; -5,16E+03 ; -5,17E+03 ; -5,17E+03 ; -5,16E+03 ; -5,15E+03 ; -5,14E+03 ; -5,11E+03 ; -5,08E+03 ; -5,04E+03 ; -5,02E+03 ; -5,01E+03 ; -5E+03 ; -5E+03 ; -4,41E+03 ; -3,84E+03 ; -3,29E+03 ; -2,76E+03 ; -2,27E+03 ; -1,79E+03 ; -1,33E+03 ; -878 ; -438 ; -1,34 ; 435 ; 876 ; 1,32E+03 ; 1,79E+03 ; 2,26E+03 ; 2,76E+03 ; 3,28E+03 ; 3,83E+03 ; 4,41E+03 ; 5E+03 ; 5E+03 ; 5,01E+03 ; 5,02E+03 ; 5,04E+03 ; 5,08E+03 ; 5,11E+03 ; 5,13E+03 ; 5,15E+03 ; 5,16E+03 ; 5,17E+03 ; 5,16E+03 ; 5,15E+03 ; 5,14E+03 ; 5,14E+03 ; 4,82E+03 ; 4,5E+03 ; 4,17E+03 ; 3,84E+03 ; 3,51E+03 ; 3,18E+03 ; 2,84E+03 ; 2,5E+03 ; 2,14E+03 ; 1,77E+03 ; 1,37E+03 ; 952 ; 497 ; 1,52 ; 0,821 ; 0 ; 
0 ; -0,85 ; -1,57 ; -514 ; -985 ; -1,42E+03 ; -1,83E+03 ; -2,21E+03 ; -2,57E+03 ; -2,92E+03 ; -3,26E+03 ; -3,59E+03 ; -3,91E+03 ; -4,22E+03 ; -4,54E+03 ; -4,84E+03 ; -5,13E+03 ; -5,13E+03 ; -5,14E+03 ; -5,15E+03 ; -5,16E+03 ; -5,15E+03 ; -5,14E+03 ; -5,12E+03 ; -5,1E+03 ; -5,07E+03 ; -5,03E+03 ; -5,01E+03 ; -4,99E+03 ; -4,98E+03 ; -4,98E+03 ; -4,42E+03 ; -3,86E+03 ; -3,33E+03 ; -2,81E+03 ; -2,31E+03 ; -1,83E+03 ; -1,36E+03 ; -901 ; -449 ; -1,4 ; 447 ; 898 ; 1,36E+03 ; 1,82E+03 ; 2,31E+03 ; 2,81E+03 ; 3,32E+03 ; 3,86E+03 ; 4,41E+03 ; 4,98E+03 ; 4,98E+03 ; 4,99E+03 ; 5E+03 ; 5,02E+03 ; 5,06E+03 ; 5,1E+03 ; 5,12E+03 ; 5,14E+03 ; 5,15E+03 ; 5,15E+03 ; 5,15E+03 ; 5,14E+03 ; 5,13E+03 ; 5,12E+03 ; 4,83E+03 ; 4,53E+03 ; 4,22E+03 ; 3,9E+03 ; 3,58E+03 ; 3,25E+03 ; 2,92E+03 ; 2,57E+03 ; 2,21E+03 ; 1,83E+03 ; 1,42E+03 ; 984 ; 513 ; 1,57 ; 0,849 ; 0 ; 
0 ; -0,873 ; -1,62 ; -527 ; -1,01E+03 ; -1,46E+03 ; -1,87E+03 ; -2,26E+03 ; -2,63E+03 ; -2,98E+03 ; -3,31E+03 ; -3,64E+03 ; -3,95E+03 ; -4,26E+03 ; -4,55E+03 ; -4,83E+03 ; -5,1E+03 ; -5,11E+03 ; -5,12E+03 ; -5,13E+03 ; -5,13E+03 ; -5,13E+03 ; -5,12E+03 ; -5,1E+03 ; -5,08E+03 ; -5,04E+03 ; -5E+03 ; -4,98E+03 ; -4,97E+03 ; -4,96E+03 ; -4,96E+03 ; -4,41E+03 ; -3,87E+03 ; -3,35E+03 ; -2,84E+03 ; -2,34E+03 ; -1,85E+03 ; -1,38E+03 ; -916 ; -457 ; -1,45 ; 454 ; 913 ; 1,38E+03 ; 1,85E+03 ; 2,34E+03 ; 2,83E+03 ; 3,34E+03 ; 3,87E+03 ; 4,41E+03 ; 4,95E+03 ; 4,96E+03 ; 4,96E+03 ; 4,98E+03 ; 5E+03 ; 5,04E+03 ; 5,07E+03 ; 5,1E+03 ; 5,12E+03 ; 5,13E+03 ; 5,13E+03 ; 5,13E+03 ; 5,12E+03 ; 5,1E+03 ; 5,1E+03 ; 4,83E+03 ; 4,55E+03 ; 4,25E+03 ; 3,95E+03 ; 3,64E+03 ; 3,31E+03 ; 2,98E+03 ; 2,63E+03 ; 2,26E+03 ; 1,87E+03 ; 1,46E+03 ; 1,01E+03 ; 527 ; 1,61 ; 0,873 ; 0 ; 
0 ; -0,892 ; -1,65 ; -538 ; -1,03E+03 ; -1,48E+03 ; -1,91E+03 ; -2,3E+03 ; -2,67E+03 ; -3,02E+03 ; -3,35E+03 ; -3,67E+03 ; -3,98E+03 ; -4,27E+03 ; -4,55E+03 ; -4,82E+03 ; -5,07E+03 ; -5,08E+03 ; -5,09E+03 ; -5,1E+03 ; -5,1E+03 ; -5,1E+03 ; -5,09E+03 ; -5,07E+03 ; -5,05E+03 ; -5,01E+03 ; -4,97E+03 ; -4,95E+03 ; -4,94E+03 ; -4,93E+03 ; -4,93E+03 ; -4,39E+03 ; -3,87E+03 ; -3,35E+03 ; -2,85E+03 ; -2,35E+03 ; -1,87E+03 ; -1,39E+03 ; -926 ; -463 ; -1,49 ; 460 ; 923 ; 1,39E+03 ; 1,87E+03 ; 2,35E+03 ; 2,84E+03 ; 3,35E+03 ; 3,86E+03 ; 4,39E+03 ; 4,92E+03 ; 4,93E+03 ; 4,93E+03 ; 4,95E+03 ; 4,97E+03 ; 5,01E+03 ; 5,04E+03 ; 5,07E+03 ; 5,09E+03 ; 5,1E+03 ; 5,1E+03 ; 5,1E+03 ; 5,09E+03 ; 5,07E+03 ; 5,07E+03 ; 4,82E+03 ; 4,55E+03 ; 4,27E+03 ; 3,97E+03 ; 3,67E+03 ; 3,35E+03 ; 3,02E+03 ; 2,67E+03 ; 2,3E+03 ; 1,9E+03 ; 1,48E+03 ; 1,03E+03 ; 537 ; 1,65 ; 0,891 ; 0 ; 
0 ; -0,906 ; -1,68 ; -546 ; -1,04E+03 ; -1,5E+03 ; -1,93E+03 ; -2,33E+03 ; -2,7E+03 ; -3,05E+03 ; -3,38E+03 ; -3,69E+03 ; -3,99E+03 ; -4,27E+03 ; -4,54E+03 ; -4,79E+03 ; -5,04E+03 ; -5,04E+03 ; -5,05E+03 ; -5,06E+03 ; -5,07E+03 ; -5,06E+03 ; -5,05E+03 ; -5,03E+03 ; -5,01E+03 ; -4,98E+03 ; -4,94E+03 ; -4,92E+03 ; -4,9E+03 ; -4,89E+03 ; -4,89E+03 ; -4,37E+03 ; -3,85E+03 ; -3,35E+03 ; -2,85E+03 ; -2,36E+03 ; -1,88E+03 ; -1,4E+03 ; -931 ; -465 ; -1,52 ; 462 ; 928 ; 1,4E+03 ; 1,87E+03 ; 2,35E+03 ; 2,84E+03 ; 3,34E+03 ; 3,85E+03 ; 4,37E+03 ; 4,89E+03 ; 4,89E+03 ; 4,9E+03 ; 4,91E+03 ; 4,93E+03 ; 4,97E+03 ; 5,01E+03 ; 5,03E+03 ; 5,05E+03 ; 5,06E+03 ; 5,06E+03 ; 5,06E+03 ; 5,05E+03 ; 5,04E+03 ; 5,03E+03 ; 4,79E+03 ; 4,54E+03 ; 4,27E+03 ; 3,98E+03 ; 3,69E+03 ; 3,37E+03 ; 3,04E+03 ; 2,7E+03 ; 2,32E+03 ; 1,93E+03 ; 1,5E+03 ; 1,04E+03 ; 545 ; 1,67 ; 0,906 ; 0 ; 
0 ; -0,917 ; -1,69 ; -551 ; -1,05E+03 ; -1,52E+03 ; -1,95E+03 ; -2,34E+03 ; -2,71E+03 ; -3,06E+03 ; -3,39E+03 ; -3,69E+03 ; -3,98E+03 ; -4,26E+03 ; -4,52E+03 ; -4,76E+03 ; -4,99E+03 ; -4,99E+03 ; -5,01E+03 ; -5,02E+03 ; -5,02E+03 ; -5,02E+03 ; -5,01E+03 ; -4,99E+03 ; -4,96E+03 ; -4,93E+03 ; -4,89E+03 ; -4,87E+03 ; -4,86E+03 ; -4,85E+03 ; -4,85E+03 ; -4,34E+03 ; -3,83E+03 ; -3,33E+03 ; -2,84E+03 ; -2,35E+03 ; -1,88E+03 ; -1,4E+03 ; -932 ; -466 ; -1,55 ; 463 ; 929 ; 1,4E+03 ; 1,87E+03 ; 2,35E+03 ; 2,84E+03 ; 3,33E+03 ; 3,83E+03 ; 4,33E+03 ; 4,85E+03 ; 4,85E+03 ; 4,86E+03 ; 4,87E+03 ; 4,89E+03 ; 4,93E+03 ; 4,96E+03 ; 4,99E+03 ; 5E+03 ; 5,01E+03 ; 5,02E+03 ; 5,01E+03 ; 5E+03 ; 4,99E+03 ; 4,99E+03 ; 4,76E+03 ; 4,51E+03 ; 4,25E+03 ; 3,98E+03 ; 3,69E+03 ; 3,38E+03 ; 3,06E+03 ; 2,71E+03 ; 2,34E+03 ; 1,95E+03 ; 1,52E+03 ; 1,05E+03 ; 551 ; 1,69 ; 0,916 ; 0 ; 
0 ; -0,924 ; -1,71 ; -555 ; -1,06E+03 ; -1,53E+03 ; -1,96E+03 ; -2,35E+03 ; -2,72E+03 ; -3,07E+03 ; -3,39E+03 ; -3,69E+03 ; -3,97E+03 ; -4,24E+03 ; -4,48E+03 ; -4,72E+03 ; -4,94E+03 ; -4,94E+03 ; -4,95E+03 ; -4,96E+03 ; -4,96E+03 ; -4,96E+03 ; -4,95E+03 ; -4,93E+03 ; -4,91E+03 ; -4,88E+03 ; -4,84E+03 ; -4,83E+03 ; -4,81E+03 ; -4,81E+03 ; -4,8E+03 ; -4,3E+03 ; -3,8E+03 ; -3,31E+03 ; -2,82E+03 ; -2,34E+03 ; -1,87E+03 ; -1,4E+03 ; -930 ; -465 ; -1,58 ; 462 ; 927 ; 1,39E+03 ; 1,87E+03 ; 2,34E+03 ; 2,82E+03 ; 3,31E+03 ; 3,8E+03 ; 4,3E+03 ; 4,8E+03 ; 4,8E+03 ; 4,81E+03 ; 4,82E+03 ; 4,84E+03 ; 4,88E+03 ; 4,91E+03 ; 4,93E+03 ; 4,95E+03 ; 4,96E+03 ; 4,96E+03 ; 4,96E+03 ; 4,95E+03 ; 4,94E+03 ; 4,93E+03 ; 4,72E+03 ; 4,48E+03 ; 4,23E+03 ; 3,97E+03 ; 3,69E+03 ; 3,39E+03 ; 3,06E+03 ; 2,72E+03 ; 2,35E+03 ; 1,96E+03 ; 1,53E+03 ; 1,06E+03 ; 555 ; 1,71 ; 0,924 ; 0 ; 
0 ; -0,929 ; -1,72 ; -557 ; -1,07E+03 ; -1,53E+03 ; -1,96E+03 ; -2,36E+03 ; -2,72E+03 ; -3,06E+03 ; -3,38E+03 ; -3,68E+03 ; -3,95E+03 ; -4,21E+03 ; -4,45E+03 ; -4,67E+03 ; -4,88E+03 ; -4,88E+03 ; -4,89E+03 ; -4,9E+03 ; -4,9E+03 ; -4,89E+03 ; -4,88E+03 ; -4,87E+03 ; -4,85E+03 ; -4,82E+03 ; -4,79E+03 ; -4,77E+03 ; -4,76E+03 ; -4,75E+03 ; -4,75E+03 ; -4,26E+03 ; -3,77E+03 ; -3,28E+03 ; -2,8E+03 ; -2,33E+03 ; -1,86E+03 ; -1,39E+03 ; -925 ; -463 ; -1,6 ; 460 ; 922 ; 1,39E+03 ; 1,85E+03 ; 2,33E+03 ; 2,8E+03 ; 3,28E+03 ; 3,77E+03 ; 4,25E+03 ; 4,75E+03 ; 4,75E+03 ; 4,76E+03 ; 4,77E+03 ; 4,78E+03 ; 4,82E+03 ; 4,84E+03 ; 4,86E+03 ; 4,88E+03 ; 4,89E+03 ; 4,89E+03 ; 4,89E+03 ; 4,89E+03 ; 4,88E+03 ; 4,88E+03 ; 4,67E+03 ; 4,44E+03 ; 4,2E+03 ; 3,95E+03 ; 3,67E+03 ; 3,38E+03 ; 3,06E+03 ; 2,72E+03 ; 2,36E+03 ; 1,96E+03 ; 1,53E+03 ; 1,06E+03 ; 557 ; 1,71 ; 0,928 ; 0 ; 
0 ; -0,931 ; -1,72 ; -558 ; -1,07E+03 ; -1,53E+03 ; -1,96E+03 ; -2,35E+03 ; -2,72E+03 ; -3,06E+03 ; -3,37E+03 ; -3,66E+03 ; -3,92E+03 ; -4,17E+03 ; -4,4E+03 ; -4,62E+03 ; -4,82E+03 ; -4,82E+03 ; -4,82E+03 ; -4,82E+03 ; -4,82E+03 ; -4,82E+03 ; -4,81E+03 ; -4,79E+03 ; -4,77E+03 ; -4,75E+03 ; -4,72E+03 ; -4,71E+03 ; -4,7E+03 ; -4,7E+03 ; -4,7E+03 ; -4,21E+03 ; -3,73E+03 ; -3,25E+03 ; -2,78E+03 ; -2,31E+03 ; -1,84E+03 ; -1,38E+03 ; -919 ; -460 ; -1,61 ; 456 ; 915 ; 1,38E+03 ; 1,84E+03 ; 2,31E+03 ; 2,78E+03 ; 3,25E+03 ; 3,73E+03 ; 4,21E+03 ; 4,69E+03 ; 4,69E+03 ; 4,7E+03 ; 4,71E+03 ; 4,72E+03 ; 4,75E+03 ; 4,77E+03 ; 4,79E+03 ; 4,8E+03 ; 4,81E+03 ; 4,82E+03 ; 4,82E+03 ; 4,82E+03 ; 4,81E+03 ; 4,81E+03 ; 4,61E+03 ; 4,4E+03 ; 4,17E+03 ; 3,92E+03 ; 3,65E+03 ; 3,36E+03 ; 3,05E+03 ; 2,72E+03 ; 2,35E+03 ; 1,96E+03 ; 1,53E+03 ; 1,07E+03 ; 557 ; 1,72 ; 0,93 ; 0 ; 
0 ; -0,931 ; -1,72 ; -557 ; -1,07E+03 ; -1,53E+03 ; -1,96E+03 ; -2,35E+03 ; -2,71E+03 ; -3,04E+03 ; -3,35E+03 ; -3,64E+03 ; -3,9E+03 ; -4,14E+03 ; -4,36E+03 ; -4,57E+03 ; -4,76E+03 ; -4,76E+03 ; -4,76E+03 ; -4,76E+03 ; -4,76E+03 ; -4,75E+03 ; -4,74E+03 ; -4,73E+03 ; -4,71E+03 ; -4,69E+03 ; -4,67E+03 ; -4,66E+03 ; -4,65E+03 ; -4,65E+03 ; -4,65E+03 ; -4,17E+03 ; -3,69E+03 ; -3,22E+03 ; -2,75E+03 ; -2,29E+03 ; -1,83E+03 ; -1,37E+03 ; -911 ; -456 ; -1,63 ; 453 ; 908 ; 1,37E+03 ; 1,82E+03 ; 2,29E+03 ; 2,75E+03 ; 3,22E+03 ; 3,69E+03 ; 4,17E+03 ; 4,64E+03 ; 4,65E+03 ; 4,65E+03 ; 4,66E+03 ; 4,67E+03 ; 4,69E+03 ; 4,71E+03 ; 4,72E+03 ; 4,74E+03 ; 4,75E+03 ; 4,76E+03 ; 4,76E+03 ; 4,76E+03 ; 4,76E+03 ; 4,76E+03 ; 4,57E+03 ; 4,36E+03 ; 4,14E+03 ; 3,9E+03 ; 3,63E+03 ; 3,35E+03 ; 3,04E+03 ; 2,71E+03 ; 2,35E+03 ; 1,96E+03 ; 1,53E+03 ; 1,06E+03 ; 557 ; 1,72 ; 0,93 ; 0 ; 
0 ; -0,929 ; -1,72 ; -556 ; -1,06E+03 ; -1,53E+03 ; -1,95E+03 ; -2,34E+03 ; -2,7E+03 ; -3,03E+03 ; -3,33E+03 ; -3,61E+03 ; -3,87E+03 ; -4,11E+03 ; -4,32E+03 ; -4,52E+03 ; -4,71E+03 ; -4,71E+03 ; -4,7E+03 ; -4,7E+03 ; -4,7E+03 ; -4,69E+03 ; -4,68E+03 ; -4,67E+03 ; -4,65E+03 ; -4,63E+03 ; -4,62E+03 ; -4,61E+03 ; -4,6E+03 ; -4,6E+03 ; -4,6E+03 ; -4,12E+03 ; -3,65E+03 ; -3,19E+03 ; -2,73E+03 ; -2,27E+03 ; -1,81E+03 ; -1,35E+03 ; -903 ; -452 ; -1,63 ; 448 ; 899 ; 1,35E+03 ; 1,81E+03 ; 2,26E+03 ; 2,72E+03 ; 3,19E+03 ; 3,65E+03 ; 4,12E+03 ; 4,59E+03 ; 4,59E+03 ; 4,6E+03 ; 4,6E+03 ; 4,61E+03 ; 4,63E+03 ; 4,65E+03 ; 4,66E+03 ; 4,67E+03 ; 4,69E+03 ; 4,69E+03 ; 4,7E+03 ; 4,7E+03 ; 4,7E+03 ; 4,7E+03 ; 4,52E+03 ; 4,32E+03 ; 4,1E+03 ; 3,87E+03 ; 3,61E+03 ; 3,33E+03 ; 3,03E+03 ; 2,7E+03 ; 2,34E+03 ; 1,95E+03 ; 1,52E+03 ; 1,06E+03 ; 556 ; 1,71 ; 0,929 ; 0 ; 
0 ; -0,926 ; -1,71 ; -554 ; -1,06E+03 ; -1,52E+03 ; -1,94E+03 ; -2,33E+03 ; -2,68E+03 ; -3,01E+03 ; -3,31E+03 ; -3,58E+03 ; -3,84E+03 ; -4,07E+03 ; -4,28E+03 ; -4,47E+03 ; -4,65E+03 ; -4,65E+03 ; -4,65E+03 ; -4,64E+03 ; -4,64E+03 ; -4,63E+03 ; -4,62E+03 ; -4,6E+03 ; -4,59E+03 ; -4,57E+03 ; -4,56E+03 ; -4,55E+03 ; -4,54E+03 ; -4,54E+03 ; -4,54E+03 ; -4,07E+03 ; -3,61E+03 ; -3,15E+03 ; -2,69E+03 ; -2,24E+03 ; -1,79E+03 ; -1,34E+03 ; -892 ; -447 ; -1,64 ; 443 ; 889 ; 1,34E+03 ; 1,78E+03 ; 2,24E+03 ; 2,69E+03 ; 3,15E+03 ; 3,61E+03 ; 4,07E+03 ; 4,54E+03 ; 4,54E+03 ; 4,54E+03 ; 4,55E+03 ; 4,55E+03 ; 4,57E+03 ; 4,59E+03 ; 4,6E+03 ; 4,61E+03 ; 4,62E+03 ; 4,63E+03 ; 4,64E+03 ; 4,64E+03 ; 4,65E+03 ; 4,65E+03 ; 4,47E+03 ; 4,28E+03 ; 4,06E+03 ; 3,83E+03 ; 3,58E+03 ; 3,31E+03 ; 3,01E+03 ; 2,68E+03 ; 2,33E+03 ; 1,94E+03 ; 1,52E+03 ; 1,06E+03 ; 553 ; 1,71 ; 0,926 ; 0 ; 
0 ; -0,923 ; -1,7 ; -551 ; -1,05E+03 ; -1,51E+03 ; -1,93E+03 ; -2,32E+03 ; -2,67E+03 ; -2,99E+03 ; -3,28E+03 ; -3,56E+03 ; -3,8E+03 ; -4,03E+03 ; -4,23E+03 ; -4,42E+03 ; -4,59E+03 ; -4,59E+03 ; -4,59E+03 ; -4,58E+03 ; -4,58E+03 ; -4,57E+03 ; -4,56E+03 ; -4,54E+03 ; -4,53E+03 ; -4,51E+03 ; -4,5E+03 ; -4,49E+03 ; -4,48E+03 ; -4,48E+03 ; -4,48E+03 ; -4,02E+03 ; -3,56E+03 ; -3,11E+03 ; -2,66E+03 ; -2,21E+03 ; -1,76E+03 ; -1,32E+03 ; -880 ; -440 ; -1,64 ; 437 ; 877 ; 1,32E+03 ; 1,76E+03 ; 2,21E+03 ; 2,65E+03 ; 3,1E+03 ; 3,56E+03 ; 4,02E+03 ; 4,48E+03 ; 4,48E+03 ; 4,48E+03 ; 4,49E+03 ; 4,49E+03 ; 4,51E+03 ; 4,52E+03 ; 4,54E+03 ; 4,55E+03 ; 4,56E+03 ; 4,57E+03 ; 4,58E+03 ; 4,59E+03 ; 4,59E+03 ; 4,59E+03 ; 4,42E+03 ; 4,23E+03 ; 4,03E+03 ; 3,8E+03 ; 3,55E+03 ; 3,28E+03 ; 2,99E+03 ; 2,67E+03 ; 2,31E+03 ; 1,93E+03 ; 1,51E+03 ; 1,05E+03 ; 551 ; 1,7 ; 0,922 ; 0 ; 
0 ; -0,918 ; -1,69 ; -548 ; -1,05E+03 ; -1,5E+03 ; -1,92E+03 ; -2,3E+03 ; -2,65E+03 ; -2,97E+03 ; -3,26E+03 ; -3,52E+03 ; -3,77E+03 ; -3,99E+03 ; -4,19E+03 ; -4,37E+03 ; -4,54E+03 ; -4,53E+03 ; -4,53E+03 ; -4,53E+03 ; -4,52E+03 ; -4,51E+03 ; -4,49E+03 ; -4,48E+03 ; -4,46E+03 ; -4,45E+03 ; -4,43E+03 ; -4,43E+03 ; -4,42E+03 ; -4,42E+03 ; -4,42E+03 ; -3,96E+03 ; -3,51E+03 ; -3,06E+03 ; -2,62E+03 ; -2,17E+03 ; -1,74E+03 ; -1,3E+03 ; -866 ; -434 ; -1,65 ; 430 ; 863 ; 1,3E+03 ; 1,73E+03 ; 2,17E+03 ; 2,61E+03 ; 3,06E+03 ; 3,51E+03 ; 3,96E+03 ; 4,41E+03 ; 4,41E+03 ; 4,42E+03 ; 4,42E+03 ; 4,43E+03 ; 4,45E+03 ; 4,46E+03 ; 4,48E+03 ; 4,49E+03 ; 4,5E+03 ; 4,51E+03 ; 4,52E+03 ; 4,53E+03 ; 4,53E+03 ; 4,53E+03 ; 4,37E+03 ; 4,19E+03 ; 3,99E+03 ; 3,76E+03 ; 3,52E+03 ; 3,26E+03 ; 2,97E+03 ; 2,65E+03 ; 2,3E+03 ; 1,92E+03 ; 1,5E+03 ; 1,05E+03 ; 548 ; 1,69 ; 0,917 ; 0 ; 
0 ; -0,913 ; -1,68 ; -545 ; -1,04E+03 ; -1,49E+03 ; -1,91E+03 ; -2,28E+03 ; -2,63E+03 ; -2,94E+03 ; -3,23E+03 ; -3,49E+03 ; -3,73E+03 ; -3,95E+03 ; -4,14E+03 ; -4,32E+03 ; -4,48E+03 ; -4,48E+03 ; -4,48E+03 ; -4,47E+03 ; -4,46E+03 ; -4,45E+03 ; -4,43E+03 ; -4,42E+03 ; -4,4E+03 ; -4,38E+03 ; -4,37E+03 ; -4,36E+03 ; -4,35E+03 ; -4,35E+03 ; -4,35E+03 ; -3,9E+03 ; -3,45E+03 ; -3,01E+03 ; -2,57E+03 ; -2,14E+03 ; -1,71E+03 ; -1,28E+03 ; -851 ; -426 ; -1,65 ; 422 ; 847 ; 1,27E+03 ; 1,7E+03 ; 2,13E+03 ; 2,57E+03 ; 3,01E+03 ; 3,45E+03 ; 3,9E+03 ; 4,34E+03 ; 4,35E+03 ; 4,35E+03 ; 4,36E+03 ; 4,36E+03 ; 4,38E+03 ; 4,4E+03 ; 4,41E+03 ; 4,43E+03 ; 4,44E+03 ; 4,46E+03 ; 4,47E+03 ; 4,47E+03 ; 4,48E+03 ; 4,48E+03 ; 4,32E+03 ; 4,14E+03 ; 3,94E+03 ; 3,73E+03 ; 3,49E+03 ; 3,23E+03 ; 2,94E+03 ; 2,63E+03 ; 2,28E+03 ; 1,91E+03 ; 1,49E+03 ; 1,04E+03 ; 544 ; 1,68 ; 0,912 ; 0 ; 
0 ; -0,907 ; -1,67 ; -541 ; -1,03E+03 ; -1,48E+03 ; -1,89E+03 ; -2,27E+03 ; -2,61E+03 ; -2,92E+03 ; -3,2E+03 ; -3,46E+03 ; -3,7E+03 ; -3,91E+03 ; -4,1E+03 ; -4,27E+03 ; -4,43E+03 ; -4,43E+03 ; -4,42E+03 ; -4,41E+03 ; -4,4E+03 ; -4,39E+03 ; -4,37E+03 ; -4,36E+03 ; -4,34E+03 ; -4,32E+03 ; -4,3E+03 ; -4,29E+03 ; -4,28E+03 ; -4,28E+03 ; -4,28E+03 ; -3,83E+03 ; -3,39E+03 ; -2,95E+03 ; -2,52E+03 ; -2,09E+03 ; -1,67E+03 ; -1,25E+03 ; -833 ; -417 ; -1,65 ; 414 ; 830 ; 1,25E+03 ; 1,67E+03 ; 2,09E+03 ; 2,52E+03 ; 2,95E+03 ; 3,39E+03 ; 3,83E+03 ; 4,27E+03 ; 4,27E+03 ; 4,28E+03 ; 4,29E+03 ; 4,29E+03 ; 4,31E+03 ; 4,33E+03 ; 4,35E+03 ; 4,37E+03 ; 4,39E+03 ; 4,4E+03 ; 4,41E+03 ; 4,42E+03 ; 4,42E+03 ; 4,42E+03 ; 4,27E+03 ; 4,1E+03 ; 3,9E+03 ; 3,69E+03 ; 3,46E+03 ; 3,2E+03 ; 2,92E+03 ; 2,61E+03 ; 2,27E+03 ; 1,89E+03 ; 1,48E+03 ; 1,03E+03 ; 541 ; 1,67 ; 0,907 ; 0 ; 
0 ; -0,902 ; -1,66 ; -538 ; -1,03E+03 ; -1,47E+03 ; -1,88E+03 ; -2,25E+03 ; -2,59E+03 ; -2,9E+03 ; -3,18E+03 ; -3,43E+03 ; -3,66E+03 ; -3,87E+03 ; -4,06E+03 ; -4,22E+03 ; -4,37E+03 ; -4,37E+03 ; -4,37E+03 ; -4,36E+03 ; -4,35E+03 ; -4,33E+03 ; -4,31E+03 ; -4,29E+03 ; -4,27E+03 ; -4,25E+03 ; -4,23E+03 ; -4,22E+03 ; -4,21E+03 ; -4,2E+03 ; -4,2E+03 ; -3,76E+03 ; -3,32E+03 ; -2,89E+03 ; -2,47E+03 ; -2,05E+03 ; -1,63E+03 ; -1,22E+03 ; -813 ; -407 ; -1,64 ; 404 ; 810 ; 1,22E+03 ; 1,63E+03 ; 2,04E+03 ; 2,46E+03 ; 2,89E+03 ; 3,32E+03 ; 3,76E+03 ; 4,2E+03 ; 4,2E+03 ; 4,2E+03 ; 4,21E+03 ; 4,22E+03 ; 4,25E+03 ; 4,27E+03 ; 4,29E+03 ; 4,31E+03 ; 4,33E+03 ; 4,34E+03 ; 4,36E+03 ; 4,36E+03 ; 4,37E+03 ; 4,37E+03 ; 4,22E+03 ; 4,05E+03 ; 3,87E+03 ; 3,66E+03 ; 3,43E+03 ; 3,17E+03 ; 2,9E+03 ; 2,59E+03 ; 2,25E+03 ; 1,88E+03 ; 1,47E+03 ; 1,03E+03 ; 537 ; 1,66 ; 0,901 ; 0 ; 
0 ; -0,896 ; -1,65 ; -534 ; -1,02E+03 ; -1,46E+03 ; -1,87E+03 ; -2,24E+03 ; -2,57E+03 ; -2,87E+03 ; -3,15E+03 ; -3,4E+03 ; -3,63E+03 ; -3,83E+03 ; -4,01E+03 ; -4,18E+03 ; -4,33E+03 ; -4,32E+03 ; -4,32E+03 ; -4,31E+03 ; -4,29E+03 ; -4,28E+03 ; -4,26E+03 ; -4,23E+03 ; -4,21E+03 ; -4,18E+03 ; -4,15E+03 ; -4,14E+03 ; -4,13E+03 ; -4,12E+03 ; -4,12E+03 ; -3,68E+03 ; -3,25E+03 ; -2,82E+03 ; -2,4E+03 ; -1,99E+03 ; -1,59E+03 ; -1,19E+03 ; -791 ; -396 ; -1,64 ; 393 ; 788 ; 1,19E+03 ; 1,59E+03 ; 1,99E+03 ; 2,4E+03 ; 2,82E+03 ; 3,24E+03 ; 3,67E+03 ; 4,11E+03 ; 4,12E+03 ; 4,12E+03 ; 4,13E+03 ; 4,15E+03 ; 4,18E+03 ; 4,2E+03 ; 4,23E+03 ; 4,25E+03 ; 4,27E+03 ; 4,29E+03 ; 4,3E+03 ; 4,31E+03 ; 4,32E+03 ; 4,32E+03 ; 4,18E+03 ; 4,01E+03 ; 3,83E+03 ; 3,62E+03 ; 3,4E+03 ; 3,15E+03 ; 2,87E+03 ; 2,57E+03 ; 2,23E+03 ; 1,87E+03 ; 1,46E+03 ; 1,02E+03 ; 534 ; 1,65 ; 0,896 ; 0 ; 
0 ; -0,891 ; -1,64 ; -531 ; -1,01E+03 ; -1,45E+03 ; -1,85E+03 ; -2,22E+03 ; -2,55E+03 ; -2,85E+03 ; -3,13E+03 ; -3,37E+03 ; -3,6E+03 ; -3,8E+03 ; -3,98E+03 ; -4,14E+03 ; -4,28E+03 ; -4,28E+03 ; -4,27E+03 ; -4,26E+03 ; -4,24E+03 ; -4,22E+03 ; -4,2E+03 ; -4,17E+03 ; -4,14E+03 ; -4,11E+03 ; -4,07E+03 ; -4,06E+03 ; -4,04E+03 ; -4,03E+03 ; -4,03E+03 ; -3,59E+03 ; -3,16E+03 ; -2,74E+03 ; -2,33E+03 ; -1,93E+03 ; -1,54E+03 ; -1,15E+03 ; -767 ; -384 ; -1,64 ; 380 ; 764 ; 1,15E+03 ; 1,54E+03 ; 1,93E+03 ; 2,33E+03 ; 2,74E+03 ; 3,16E+03 ; 3,59E+03 ; 4,03E+03 ; 4,03E+03 ; 4,04E+03 ; 4,05E+03 ; 4,07E+03 ; 4,1E+03 ; 4,14E+03 ; 4,17E+03 ; 4,2E+03 ; 4,22E+03 ; 4,24E+03 ; 4,26E+03 ; 4,27E+03 ; 4,27E+03 ; 4,28E+03 ; 4,13E+03 ; 3,97E+03 ; 3,79E+03 ; 3,59E+03 ; 3,37E+03 ; 3,12E+03 ; 2,85E+03 ; 2,55E+03 ; 2,22E+03 ; 1,85E+03 ; 1,45E+03 ; 1,01E+03 ; 530 ; 1,64 ; 0,89 ; 0 ; 
0 ; -0,886 ; -1,63 ; -528 ; -1,01E+03 ; -1,44E+03 ; -1,84E+03 ; -2,21E+03 ; -2,53E+03 ; -2,83E+03 ; -3,1E+03 ; -3,35E+03 ; -3,57E+03 ; -3,76E+03 ; -3,94E+03 ; -4,1E+03 ; -4,24E+03 ; -4,23E+03 ; -4,23E+03 ; -4,21E+03 ; -4,19E+03 ; -4,17E+03 ; -4,14E+03 ; -4,11E+03 ; -4,08E+03 ; -4,03E+03 ; -3,99E+03 ; -3,97E+03 ; -3,95E+03 ; -3,93E+03 ; -3,93E+03 ; -3,49E+03 ; -3,06E+03 ; -2,65E+03 ; -2,25E+03 ; -1,86E+03 ; -1,49E+03 ; -1,11E+03 ; -740 ; -370 ; -1,63 ; 367 ; 737 ; 1,11E+03 ; 1,48E+03 ; 1,86E+03 ; 2,25E+03 ; 2,64E+03 ; 3,05E+03 ; 3,48E+03 ; 3,93E+03 ; 3,93E+03 ; 3,95E+03 ; 3,97E+03 ; 3,99E+03 ; 4,03E+03 ; 4,07E+03 ; 4,11E+03 ; 4,14E+03 ; 4,17E+03 ; 4,19E+03 ; 4,21E+03 ; 4,22E+03 ; 4,23E+03 ; 4,23E+03 ; 4,09E+03 ; 3,94E+03 ; 3,76E+03 ; 3,56E+03 ; 3,34E+03 ; 3,1E+03 ; 2,83E+03 ; 2,53E+03 ; 2,2E+03 ; 1,84E+03 ; 1,44E+03 ; 1,01E+03 ; 527 ; 1,63 ; 0,885 ; 0 ; 
0 ; -0,881 ; -1,63 ; -525 ; -1E+03 ; -1,44E+03 ; -1,83E+03 ; -2,19E+03 ; -2,52E+03 ; -2,81E+03 ; -3,08E+03 ; -3,32E+03 ; -3,54E+03 ; -3,73E+03 ; -3,91E+03 ; -4,06E+03 ; -4,2E+03 ; -4,19E+03 ; -4,19E+03 ; -4,17E+03 ; -4,15E+03 ; -4,13E+03 ; -4,09E+03 ; -4,06E+03 ; -4,01E+03 ; -3,96E+03 ; -3,91E+03 ; -3,88E+03 ; -3,85E+03 ; -3,83E+03 ; -3,82E+03 ; -3,36E+03 ; -2,94E+03 ; -2,54E+03 ; -2,16E+03 ; -1,79E+03 ; -1,43E+03 ; -1,07E+03 ; -710 ; -356 ; -1,63 ; 352 ; 707 ; 1,06E+03 ; 1,42E+03 ; 1,78E+03 ; 2,15E+03 ; 2,53E+03 ; 2,93E+03 ; 3,36E+03 ; 3,81E+03 ; 3,82E+03 ; 3,85E+03 ; 3,88E+03 ; 3,91E+03 ; 3,96E+03 ; 4,01E+03 ; 4,05E+03 ; 4,09E+03 ; 4,12E+03 ; 4,15E+03 ; 4,17E+03 ; 4,18E+03 ; 4,19E+03 ; 4,19E+03 ; 4,06E+03 ; 3,9E+03 ; 3,73E+03 ; 3,54E+03 ; 3,32E+03 ; 3,08E+03 ; 2,81E+03 ; 2,52E+03 ; 2,19E+03 ; 1,83E+03 ; 1,44E+03 ; 1E+03 ; 524 ; 1,62 ; 0,88 ; 0 ; 
0 ; -0,877 ; -1,62 ; -522 ; -997 ; -1,43E+03 ; -1,82E+03 ; -2,18E+03 ; -2,5E+03 ; -2,8E+03 ; -3,06E+03 ; -3,3E+03 ; -3,52E+03 ; -3,71E+03 ; -3,88E+03 ; -4,03E+03 ; -4,16E+03 ; -4,16E+03 ; -4,15E+03 ; -4,13E+03 ; -4,11E+03 ; -4,08E+03 ; -4,05E+03 ; -4E+03 ; -3,95E+03 ; -3,9E+03 ; -3,83E+03 ; -3,79E+03 ; -3,75E+03 ; -3,69E+03 ; -3,68E+03 ; -3,2E+03 ; -2,78E+03 ; -2,41E+03 ; -2,05E+03 ; -1,7E+03 ; -1,36E+03 ; -1,02E+03 ; -679 ; -340 ; -1,62 ; 337 ; 675 ; 1,01E+03 ; 1,36E+03 ; 1,7E+03 ; 2,05E+03 ; 2,41E+03 ; 2,78E+03 ; 3,19E+03 ; 3,67E+03 ; 3,69E+03 ; 3,74E+03 ; 3,79E+03 ; 3,83E+03 ; 3,89E+03 ; 3,95E+03 ; 4E+03 ; 4,04E+03 ; 4,08E+03 ; 4,11E+03 ; 4,13E+03 ; 4,15E+03 ; 4,16E+03 ; 4,16E+03 ; 4,03E+03 ; 3,88E+03 ; 3,71E+03 ; 3,51E+03 ; 3,3E+03 ; 3,06E+03 ; 2,8E+03 ; 2,5E+03 ; 2,18E+03 ; 1,82E+03 ; 1,43E+03 ; 996 ; 522 ; 1,62 ; 0,876 ; 0 ; 
0 ; -0,873 ; -1,61 ; -520 ; -993 ; -1,42E+03 ; -1,81E+03 ; -2,17E+03 ; -2,49E+03 ; -2,79E+03 ; -3,05E+03 ; -3,29E+03 ; -3,5E+03 ; -3,69E+03 ; -3,86E+03 ; -4E+03 ; -4,13E+03 ; -4,13E+03 ; -4,12E+03 ; -4,1E+03 ; -4,08E+03 ; -4,05E+03 ; -4,01E+03 ; -3,96E+03 ; -3,9E+03 ; -3,83E+03 ; -3,76E+03 ; -3,71E+03 ; -3,64E+03 ; -3,56E+03 ; -3,43E+03 ; -2,95E+03 ; -2,6E+03 ; -2,26E+03 ; -1,94E+03 ; -1,61E+03 ; -1,29E+03 ; -967 ; -645 ; -323 ; -1,61 ; 320 ; 642 ; 964 ; 1,29E+03 ; 1,61E+03 ; 1,93E+03 ; 2,26E+03 ; 2,59E+03 ; 2,95E+03 ; 3,43E+03 ; 3,56E+03 ; 3,64E+03 ; 3,7E+03 ; 3,75E+03 ; 3,83E+03 ; 3,9E+03 ; 3,96E+03 ; 4E+03 ; 4,04E+03 ; 4,07E+03 ; 4,1E+03 ; 4,12E+03 ; 4,13E+03 ; 4,13E+03 ; 4E+03 ; 3,85E+03 ; 3,68E+03 ; 3,5E+03 ; 3,28E+03 ; 3,05E+03 ; 2,78E+03 ; 2,49E+03 ; 2,17E+03 ; 1,81E+03 ; 1,42E+03 ; 992 ; 520 ; 1,61 ; 0,873 ; 0 ; 
0 ; -0,87 ; -1,6 ; -518 ; -989 ; -1,42E+03 ; -1,81E+03 ; -2,16E+03 ; -2,48E+03 ; -2,77E+03 ; -3,03E+03 ; -3,27E+03 ; -3,48E+03 ; -3,67E+03 ; -3,83E+03 ; -3,98E+03 ; -4,11E+03 ; -4,1E+03 ; -4,09E+03 ; -4,07E+03 ; -4,05E+03 ; -4,01E+03 ; -3,97E+03 ; -3,92E+03 ; -3,85E+03 ; -3,77E+03 ; -3,68E+03 ; -3,62E+03 ; -3,54E+03 ; -3,43E+03 ; -3,26E+03 ; -2,93E+03 ; -2,59E+03 ; -2,26E+03 ; -1,93E+03 ; -1,61E+03 ; -1,29E+03 ; -967 ; -645 ; -323 ; -1,61 ; 320 ; 642 ; 964 ; 1,29E+03 ; 1,61E+03 ; 1,93E+03 ; 2,26E+03 ; 2,59E+03 ; 2,93E+03 ; 3,26E+03 ; 3,43E+03 ; 3,54E+03 ; 3,62E+03 ; 3,68E+03 ; 3,77E+03 ; 3,85E+03 ; 3,91E+03 ; 3,97E+03 ; 4,01E+03 ; 4,04E+03 ; 4,07E+03 ; 4,09E+03 ; 4,1E+03 ; 4,1E+03 ; 3,98E+03 ; 3,83E+03 ; 3,66E+03 ; 3,48E+03 ; 3,27E+03 ; 3,03E+03 ; 2,77E+03 ; 2,48E+03 ; 2,16E+03 ; 1,81E+03 ; 1,42E+03 ; 988 ; 518 ; 1,6 ; 0,87 ; 0 ; 
0 ; -0,868 ; -1,6 ; -517 ; -986 ; -1,41E+03 ; -1,8E+03 ; -2,16E+03 ; -2,48E+03 ; -2,76E+03 ; -3,02E+03 ; -3,26E+03 ; -3,47E+03 ; -3,65E+03 ; -3,82E+03 ; -3,96E+03 ; -4,09E+03 ; -4,08E+03 ; -4,07E+03 ; -4,05E+03 ; -4,02E+03 ; -3,99E+03 ; -3,94E+03 ; -3,88E+03 ; -3,81E+03 ; -3,73E+03 ; -3,63E+03 ; -3,56E+03 ; -3,47E+03 ; -3,34E+03 ; -3,18E+03 ; -2,89E+03 ; -2,57E+03 ; -2,25E+03 ; -1,93E+03 ; -1,61E+03 ; -1,29E+03 ; -967 ; -645 ; -323 ; -1,61 ; 320 ; 642 ; 963 ; 1,28E+03 ; 1,61E+03 ; 1,93E+03 ; 2,25E+03 ; 2,57E+03 ; 2,89E+03 ; 3,18E+03 ; 3,34E+03 ; 3,46E+03 ; 3,56E+03 ; 3,62E+03 ; 3,73E+03 ; 3,81E+03 ; 3,88E+03 ; 3,94E+03 ; 3,98E+03 ; 4,02E+03 ; 4,05E+03 ; 4,07E+03 ; 4,08E+03 ; 4,08E+03 ; 3,96E+03 ; 3,81E+03 ; 3,65E+03 ; 3,46E+03 ; 3,26E+03 ; 3,02E+03 ; 2,76E+03 ; 2,47E+03 ; 2,15E+03 ; 1,8E+03 ; 1,41E+03 ; 985 ; 516 ; 1,6 ; 0,867 ; 0 ; 
0 ; -0,867 ; -1,6 ; -516 ; -984 ; -1,41E+03 ; -1,8E+03 ; -2,15E+03 ; -2,47E+03 ; -2,76E+03 ; -3,02E+03 ; -3,25E+03 ; -3,46E+03 ; -3,64E+03 ; -3,81E+03 ; -3,95E+03 ; -4,07E+03 ; -4,07E+03 ; -4,06E+03 ; -4,04E+03 ; -4,01E+03 ; -3,97E+03 ; -3,92E+03 ; -3,86E+03 ; -3,79E+03 ; -3,7E+03 ; -3,59E+03 ; -3,52E+03 ; -3,42E+03 ; -3,3E+03 ; -3,14E+03 ; -2,86E+03 ; -2,56E+03 ; -2,25E+03 ; -1,93E+03 ; -1,61E+03 ; -1,29E+03 ; -966 ; -645 ; -323 ; -1,61 ; 320 ; 642 ; 963 ; 1,28E+03 ; 1,61E+03 ; 1,93E+03 ; 2,24E+03 ; 2,56E+03 ; 2,86E+03 ; 3,14E+03 ; 3,3E+03 ; 3,42E+03 ; 3,52E+03 ; 3,59E+03 ; 3,7E+03 ; 3,79E+03 ; 3,86E+03 ; 3,92E+03 ; 3,97E+03 ; 4,01E+03 ; 4,04E+03 ; 4,06E+03 ; 4,07E+03 ; 4,07E+03 ; 3,95E+03 ; 3,81E+03 ; 3,64E+03 ; 3,46E+03 ; 3,25E+03 ; 3,02E+03 ; 2,76E+03 ; 2,47E+03 ; 2,15E+03 ; 1,8E+03 ; 1,41E+03 ; 984 ; 515 ; 1,6 ; 0,866 ; 0 ; 
0 ; -0,866 ; -1,6 ; -515 ; -984 ; -1,41E+03 ; -1,8E+03 ; -2,15E+03 ; -2,47E+03 ; -2,76E+03 ; -3,02E+03 ; -3,25E+03 ; -3,46E+03 ; -3,64E+03 ; -3,8E+03 ; -3,95E+03 ; -4,07E+03 ; -4,07E+03 ; -4,06E+03 ; -4,03E+03 ; -4,01E+03 ; -3,97E+03 ; -3,92E+03 ; -3,86E+03 ; -3,78E+03 ; -3,69E+03 ; -3,58E+03 ; -3,51E+03 ; -3,41E+03 ; -3,28E+03 ; -3,13E+03 ; -2,85E+03 ; -2,55E+03 ; -2,24E+03 ; -1,93E+03 ; -1,61E+03 ; -1,29E+03 ; -966 ; -645 ; -323 ; -1,61 ; 320 ; 642 ; 963 ; 1,28E+03 ; 1,6E+03 ; 1,92E+03 ; 2,24E+03 ; 2,55E+03 ; 2,85E+03 ; 3,13E+03 ; 3,28E+03 ; 3,41E+03 ; 3,51E+03 ; 3,58E+03 ; 3,69E+03 ; 3,78E+03 ; 3,85E+03 ; 3,91E+03 ; 3,96E+03 ; 4E+03 ; 4,03E+03 ; 4,05E+03 ; 4,06E+03 ; 4,07E+03 ; 3,94E+03 ; 3,8E+03 ; 3,64E+03 ; 3,45E+03 ; 3,25E+03 ; 3,01E+03 ; 2,75E+03 ; 2,47E+03 ; 2,15E+03 ; 1,8E+03 ; 1,41E+03 ; 983 ; 515 ; 1,6 ; 0,865 ; 0 ; 
